94908601402
94532094576
64754423720
60457544767
07056916830
96398220781
13941849727
86761375952
88324849602
21611154303
92898267627
02234012341
47780985369
00260846945
82818247861
53289965503
89127200078
32339092175
33454032854
92371969702
94937147485
09024225612
33764352191
47668275975
22248957475
13677578604
27542432249
93593089190
08970867406
34051060609
01653837800
85390941400
54115850906
40627253617
70522306667
76470608951
93673865242
06039519967
61231216000
05485854907
88763012324
40936639806
30454217846
79120088450
28517457270
24886078605
38715679500
74894260492
08845088583
72869046804
53089701650
68202485398
70560757700
19454147404
28181750624
81199855147
02672241848
15650150109
92904652043
31757206284
57745912806
98552160595
35623136400
93125044790
54699379923
85473336493
42075965005
69444784800
70905258134
94444365781
73561401025
81172870217
90412271567
35590060745
82350560465
41026930332
30052506444
70882660241
44338650010
08778113008
56464809814
36350349326
83410514350
18673920388
63570249026
69823786674
39729512508
44321169194
75813725024
84609795981
02718297286
72725022312
89304346576
66291824647
65787384105
05528996205
16698871389
21043108815
14199453854
